500001
500002
500003
500004
500005
500007
500008
500009
500010
500011
500012
500013
500014
500015
500017
500018
500019
500020
500021
500022
500024
500025
500051
500052
500053
500054
500055
500056
500057
500059
500060
500061
500062
500063
500064
500065
500066
500067
500068
500070
500071
500072
500073
500075
500102
500103
500105
500106
500109
500110
500111
500114
500115
500117
500118
500119
500120
500121
500122
500123
500125
500152
500153
500154
500157
500158
500159
500160
500161
500162
500163
500164
500165
500166
500168
500169
500170
500173
500174
500202
500204
500205
500206
500207
500208
500209
500210
500211
500212
500213
500214
500216
500217
500218
500219
500220
500221
500222
500223
500225